%YAML:1.0
---
calibration_time: "Fri Dec 20 12:46:32 2019"
image_width: 640
image_height: 480
board_width: 6
board_height: 8
square_size: 2.5500000000000000e+01
aspectRatio: 1.
flags: 2
camera_matrix: !!opencv-matrix
   rows: 3
   cols: 3
   dt: d
   data: [ 6.3558620630096607e+02, 0., 3.3145245292693016e+02, 0.,
       6.3558620630096607e+02, 2.3009181964267063e+02, 0., 0., 1. ]
distortion_coefficients: !!opencv-matrix
   rows: 5
   cols: 1
   dt: d
   data: [ 1.4076104757034691e-01, 2.3560050009259906e-01,
       -5.6590155659504045e-03, 9.8063420388187113e-03,
       -1.6179608775019385e+00 ]
avg_reprojection_error: 8.7157354679460197e-01
image_points: !!opencv-matrix
   rows: 51
   cols: 48
   dt: "2f"
   data: [ 3.82634796e+02, 7.35322037e+01, 3.85547333e+02,
       1.12634804e+02, 3.88843506e+02, 1.52063828e+02, 3.92158966e+02,
       1.91654404e+02, 3.95789368e+02, 2.31693726e+02, 3.99925415e+02,
       2.72275269e+02, 3.43013031e+02, 7.55068283e+01, 3.46137299e+02,
       1.14639557e+02, 3.48929138e+02, 1.54183472e+02, 3.52219330e+02,
       1.93761459e+02, 3.55744507e+02, 2.33722275e+02, 3.59349487e+02,
       2.74735809e+02, 3.03281830e+02, 7.69174271e+01, 3.06051758e+02,
       1.16188240e+02, 3.08791504e+02, 1.56201431e+02, 3.11743866e+02,
       1.95653015e+02, 3.14816650e+02, 2.36364670e+02, 3.18078827e+02,
       2.77284698e+02, 2.62995087e+02, 7.82633057e+01, 2.65557587e+02,
       1.17954803e+02, 2.68119751e+02, 1.58143555e+02, 2.70669281e+02,
       1.98605804e+02, 2.73321625e+02, 2.39093826e+02, 2.76258759e+02,
       2.80429596e+02, 2.21752350e+02, 7.96456833e+01, 2.24466965e+02,
       1.19948761e+02, 2.27004196e+02, 1.60430603e+02, 2.29308746e+02,
       2.00805466e+02, 2.31524689e+02, 2.41792740e+02, 2.33576889e+02,
       2.83466644e+02, 1.79939682e+02, 8.05855179e+01, 1.82517273e+02,
       1.21408844e+02, 1.84791061e+02, 1.62162521e+02, 1.86800003e+02,
       2.02921463e+02, 1.88534180e+02, 2.44254028e+02, 1.90297974e+02,
       2.86339813e+02, 1.37415359e+02, 8.16092224e+01, 1.39622101e+02,
       1.22692856e+02, 1.41665604e+02, 1.63910599e+02, 1.43346786e+02,
       2.05228561e+02, 1.44491486e+02, 2.46785278e+02, 1.45417297e+02,
       2.89428986e+02, 9.41556473e+01, 8.27922516e+01, 9.60772400e+01,
       1.24150841e+02, 9.78371429e+01, 1.65659134e+02, 9.86218948e+01,
       2.07130585e+02, 9.93056259e+01, 2.49486969e+02, 9.98382645e+01,
       2.92801605e+02, 3.92453857e+02, 6.95806732e+01, 3.92604004e+02,
       1.14360535e+02, 3.93230255e+02, 1.57709854e+02, 3.93650177e+02,
       2.00391602e+02, 3.94607330e+02, 2.42354355e+02, 3.96080200e+02,
       2.84055328e+02, 3.49386414e+02, 7.04139862e+01, 3.50414978e+02,
       1.15403839e+02, 3.51190308e+02, 1.58859207e+02, 3.52304169e+02,
       2.01822922e+02, 3.53741058e+02, 2.44466980e+02, 3.55189545e+02,
       2.86288879e+02, 3.05738556e+02, 7.07177048e+01, 3.07392151e+02,
       1.16101097e+02, 3.08554871e+02, 1.60268127e+02, 3.10228149e+02,
       2.03492859e+02, 3.11749786e+02, 2.46298889e+02, 3.13618958e+02,
       2.88926361e+02, 2.61544891e+02, 7.10786819e+01, 2.63568085e+02,
       1.16836784e+02, 2.65449188e+02, 1.61471893e+02, 2.67304230e+02,
       2.05090912e+02, 2.68957886e+02, 2.48271622e+02, 2.70876709e+02,
       2.90998047e+02, 2.16295486e+02, 7.14649887e+01, 2.18816849e+02,
       1.17559006e+02, 2.21370514e+02, 1.62637024e+02, 2.23503204e+02,
       2.06592468e+02, 2.25565399e+02, 2.50226166e+02, 2.27553543e+02,
       2.93363586e+02, 1.69672409e+02, 7.14755249e+01, 1.73052734e+02,
       1.18202621e+02, 1.75938370e+02, 1.63630737e+02, 1.78656143e+02,
       2.08401871e+02, 1.80907013e+02, 2.52507477e+02, 1.83045776e+02,
       2.96295746e+02, 1.22237854e+02, 7.15282593e+01, 1.25714928e+02,
       1.18682678e+02, 1.29340454e+02, 1.64743225e+02, 1.32234543e+02,
       2.10054459e+02, 1.34625473e+02, 2.54908417e+02, 1.36876862e+02,
       2.99454926e+02, 7.36854706e+01, 7.18261566e+01, 7.77190247e+01,
       1.19443764e+02, 8.16137085e+01, 1.65941238e+02, 8.45494003e+01,
       2.11664841e+02, 8.70390930e+01, 2.57403107e+02, 8.95944672e+01,
       3.02334076e+02, 3.94797791e+02, 6.88706207e+01, 3.93488220e+02,
       1.15468040e+02, 3.92564026e+02, 1.59671143e+02, 3.91709106e+02,
       2.02114090e+02, 3.91425659e+02, 2.43203568e+02, 3.91399994e+02,
       2.83325317e+02, 3.49639832e+02, 6.97796097e+01, 3.49703247e+02,
       1.16798302e+02, 3.49639709e+02, 1.61320465e+02, 3.49920715e+02,
       2.04125458e+02, 3.50568787e+02, 2.45969757e+02, 3.51131927e+02,
       2.85974640e+02, 3.04299652e+02, 7.07721939e+01, 3.05398651e+02,
       1.18316864e+02, 3.06380371e+02, 1.62859406e+02, 3.07486938e+02,
       2.06426788e+02, 3.08692352e+02, 2.48257965e+02, 3.10256409e+02,
       2.89553131e+02, 2.57701782e+02, 7.15612259e+01, 2.60225159e+02,
       1.19548843e+02, 2.62174683e+02, 1.64611374e+02, 2.64190002e+02,
       2.08021973e+02, 2.66049805e+02, 2.50463150e+02, 2.68168732e+02,
       2.91532501e+02, 2.10111694e+02, 7.23013611e+01, 2.13633972e+02,
       1.20461227e+02, 2.17005936e+02, 1.66292923e+02, 2.19833084e+02,
       2.10142548e+02, 2.22689468e+02, 2.52751358e+02, 2.25358170e+02,
       2.94164368e+02, 1.61129349e+02, 7.28493423e+01, 1.66143326e+02,
       1.21595642e+02, 1.70606827e+02, 1.67997940e+02, 1.74612396e+02,
       2.12606888e+02, 1.78166550e+02, 2.55920441e+02, 1.81433167e+02,
       2.97846497e+02, 1.11246674e+02, 7.35970917e+01, 1.17074730e+02,
       1.22713554e+02, 1.22686485e+02, 1.69635193e+02, 1.27598366e+02,
       2.14920578e+02, 1.31951782e+02, 2.59035675e+02, 1.36001968e+02,
       3.01740723e+02, 6.02114906e+01, 7.47540588e+01, 6.72801056e+01,
       1.24234840e+02, 7.38300552e+01, 1.71511505e+02, 7.94307632e+01,
       2.17502762e+02, 8.44867020e+01, 2.62280396e+02, 8.94270325e+01,
       3.05157990e+02, 3.99184753e+02, 6.83877411e+01, 3.95298004e+02,
       1.13726875e+02, 3.91757263e+02, 1.56879013e+02, 3.88598633e+02,
       1.97778854e+02, 3.85899353e+02, 2.37468445e+02, 3.83583832e+02,
       2.75774536e+02, 3.54774414e+02, 6.70712891e+01, 3.52399597e+02,
       1.13222191e+02, 3.49841339e+02, 1.56367767e+02, 3.47806458e+02,
       1.97830170e+02, 3.46352844e+02, 2.38430725e+02, 3.44526794e+02,
       2.76716888e+02, 3.10150421e+02, 6.57581024e+01, 3.08825409e+02,
       1.12446465e+02, 3.07463837e+02, 1.55922165e+02, 3.06471771e+02,
       1.98217606e+02, 3.05533630e+02, 2.38565689e+02, 3.04769653e+02,
       2.78471954e+02, 2.64427673e+02, 6.44127579e+01, 2.64439606e+02,
       1.11497543e+02, 2.64277954e+02, 1.55591660e+02, 2.63945831e+02,
       1.97618118e+02, 2.63826294e+02, 2.38703598e+02, 2.63871399e+02,
       2.78405212e+02, 2.17419968e+02, 6.26194038e+01, 2.18664932e+02,
       1.10153885e+02, 2.19891434e+02, 1.54836456e+02, 2.20791687e+02,
       1.97616074e+02, 2.21604187e+02, 2.39007965e+02, 2.22328751e+02,
       2.78849609e+02, 1.69261688e+02, 6.11174355e+01, 1.71974472e+02,
       1.09178619e+02, 1.74413910e+02, 1.54523285e+02, 1.76439743e+02,
       1.98067368e+02, 1.78134857e+02, 2.40214081e+02, 1.79537781e+02,
       2.80583435e+02, 1.19784584e+02, 5.94653015e+01, 1.23723076e+02,
       1.07854088e+02, 1.27432533e+02, 1.53820007e+02, 1.30459732e+02,
       1.98280640e+02, 1.33134842e+02, 2.41026459e+02, 1.35256104e+02,
       2.82442780e+02, 6.94559631e+01, 5.81690559e+01, 7.45401840e+01,
       1.06921333e+02, 7.93827744e+01, 1.53421585e+02, 8.31806030e+01,
       1.98457321e+02, 8.65768509e+01, 2.41929672e+02, 8.99013672e+01,
       2.83445923e+02, 3.96964020e+02, 6.00930595e+01, 3.96806793e+02,
       1.09265366e+02, 3.97084625e+02, 1.56236435e+02, 3.97339478e+02,
       2.01322464e+02, 3.97502380e+02, 2.45195297e+02, 3.97886993e+02,
       2.88132874e+02, 3.49324158e+02, 6.20821381e+01, 3.50359100e+02,
       1.10816811e+02, 3.51364807e+02, 1.57322968e+02, 3.52358276e+02,
       2.02259399e+02, 3.53327271e+02, 2.46357346e+02, 3.54255646e+02,
