%YAML:1.0
---
Camera Count: 525
Point Count: 2520
Rotations:
   - !!opencv-matrix
      rows: 3
      cols: 3
      dt: d
      data: [ 1., 0., 0., 0., 1., 0., 0., 0., 1. ]
   - !!opencv-matrix
      rows: 3
      cols: 3
      dt: d
      data: [ 9.9961244377033043e-01, 1.4587798974533550e-03,
          -2.7799896055899720e-02, -1.5527217918155437e-03,
          9.9999315665651689e-01, -3.3579301916379645e-03,
          2.7794807330601967e-02, 3.3997943092899385e-03,
          9.9960786815836411e-01 ]
   - !!opencv-matrix
      rows: 3
      cols: 3
      dt: d
      data: [ 9.9999463043132908e-01, -5.9035703784234017e-04,
          3.2234433572617687e-03, 5.8403439164545227e-04,
          9.9999790463682603e-01, 1.9620463263405482e-03,
          -3.2245949108345886e-03, -1.9601531892179066e-03,
          9.9999287986821983e-01 ]
   - !!opencv-matrix
      rows: 3
      cols: 3
      dt: d
      data: [ 9.9990814078452162e-01, -1.3890041776055888e-03,
          1.3482605839971724e-02, 1.3305426693238438e-03,
          9.9998967929894700e-01, 4.3440708781240026e-03,
          -1.3488500622624961e-02, -4.3257326528174031e-03,
          9.9989966916084627e-01 ]
   - !!opencv-matrix
      rows: 3
      cols: 3
      dt: d
      data: [ -8.2921845521398807e-01, -4.7028146344289569e-02,
          -5.5694264245427216e-01, 4.7026683949915569e-02,
          -9.9879097120691884e-01, 1.4320853054708439e-02,
          -5.5694276593668224e-01, -1.4316049977556035e-02,
          8.3042748400076305e-01 ]
   - !!opencv-matrix
      rows: 3
      cols: 3
      dt: d
      data: [ -9.2115312984093789e-01, 2.7820497563091927e-02,
          -3.8820475434953916e-01, 2.7432523474850548e-02,
          -9.9032015063209311e-01, -1.3606416099704643e-01,
          -3.8823236346297285e-01, -1.3598536379835291e-01,
          9.1147331984682012e-01 ]
   - !!opencv-matrix
      rows: 3
      cols: 3
      dt: d
      data: [ -9.1837021887898618e-01, 2.1152463710516805e-02,
          -3.9515656941918381e-01, 3.2915318627887463e-02,
          -9.9102689844466241e-01, -1.2954639461898351e-01,
          -3.9435101480253304e-01, -1.3197825517155479e-01,
          9.0943334955679134e-01 ]
   - !!opencv-matrix
      rows: 3
      cols: 3
      dt: d
      data: [ -9.3236950855571432e-01, 3.9463760444770679e-02,
          -3.5934622737289662e-01, 1.5730212815660928e-02,
          -9.8865338005150194e-01, -1.4938893706534798e-01,
          -3.6116431152641565e-01, -1.4493828246635956e-01,
          9.2116949274026239e-01 ]
   - !!opencv-matrix
      rows: 3
      cols: 3
      dt: d
      data: [ -9.3219239343403693e-01, 3.8350025737903040e-02,
          -3.5992584951573559e-01, 1.6316076838915894e-02,
          -9.8890867336233901e-01, -1.4762595092098532e-01,
          -3.6159525337082121e-01, -1.4348836633901982e-01,
          9.2122742114260336e-01 ]
   - !!opencv-matrix
      rows: 3
      cols: 3
      dt: d
      data: [ -9.3701021118111971e-01, 3.4423570354717818e-02,
          -3.4760161384312821e-01, 1.9137934240897186e-02,
          -9.8857806909865376e-01, -1.4948960087634339e-01,
          -3.4877729802168106e-01, -1.4672565931428333e-01,
          9.2564894926936792e-01 ]
   - !!opencv-matrix
      rows: 3
      cols: 3
      dt: d
      data: [ -9.2928087096982692e-01, 3.2651190770976869e-02,
          -3.6792793124577705e-01, 1.8962798939610982e-02,
          -9.9055479979089922e-01, -1.3579985591887656e-01,
          -3.6888680527491879e-01, -1.3317315177035127e-01,
          9.1988446912729982e-01 ]
   - !!opencv-matrix
      rows: 3
      cols: 3
      dt: d
      data: [ -9.3496938893658976e-01, 3.4299147203179524e-02,
          -3.5306629724837035e-01, 1.6856467426063282e-02,
          -9.8989411842839869e-01, -1.4080303195165042e-01,
          -3.5432767498101814e-01, -1.3759797528306164e-01,
          9.2494253656135195e-01 ]
   - !!opencv-matrix
      rows: 3
      cols: 3
      dt: d
      data: [ -9.3617257776008178e-01, 3.9019446444505744e-02,
          -3.4936855532404182e-01, 1.8940186503986337e-02,
          -9.8677895051516495e-01, -1.6096139958196135e-01,
          -3.5103016107627832e-01, -1.5730475396298091e-01,
          9.2305635819022924e-01 ]
   - !!opencv-matrix
      rows: 3
      cols: 3
      dt: d
      data: [ -9.4262188325489626e-01, 2.5969235761282260e-02,
          -3.3285069325895589e-01, 2.6276902539742505e-02,
          -9.8810669241854854e-01, -1.5150804860004197e-01,
          -3.3282654581915405e-01, -1.5156108732669721e-01,
          9.3072860018720782e-01 ]
   - !!opencv-matrix
      rows: 3
      cols: 3
      dt: d
      data: [ -9.4155570524373244e-01, 3.1021828125004418e-02,
          -3.3542584888878263e-01, 2.1621823307078181e-02,
          -9.8813154853467722e-01, -1.5208070077211788e-01,
          -3.3616268484151429e-01, -1.5044496990675243e-01,
          9.2971014856776757e-01 ]
   - !!opencv-matrix
      rows: 3
      cols: 3
      dt: d
      data: [ -9.2939737345089446e-01, 4.5183315450752715e-02,
          -3.6630450478728271e-01, 2.0847750874202372e-02,
          -9.8446683044092043e-01, -1.7432851472176072e-01,
          -3.6849137507690166e-01, -1.6965708875990335e-01,
          9.1401891595713081e-01 ]
   - !!opencv-matrix
      rows: 3
      cols: 3
      dt: d
      data: [ -9.4956278481847844e-01, 2.8346038768734878e-02,
          -3.1229316318788874e-01, 2.2995115924992857e-02,
          -9.8693002232189009e-01, -1.5950033129529745e-01,
          -3.1273270109051926e-01, -1.5863679625432076e-01,
          9.3650019996943579e-01 ]
   - !!opencv-matrix
      rows: 3
      cols: 3
      dt: d
      data: [ -9.3450211815044937e-01, 3.7557671375466714e-02,
          -3.5397063789695327e-01, 1.7433083501413683e-02,
          -9.8839576685303732e-01, -1.5089697036928518e-01,
          -3.5553041891230108e-01, -1.4718433812008885e-01,
          9.2300319167389344e-01 ]
   - !!opencv-matrix
      rows: 3
      cols: 3
      dt: d
      data: [ -9.4089746696313004e-01, 3.1816037763375375e-02,
          -3.3719385582095845e-01, 2.3978757691189050e-02,
          -9.8682221452616836e-01, -1.6002167383594104e-01,
          -3.3784164314357862e-01, -1.5864947733512560e-01,
          9.2773561293039719e-01 ]
   - !!opencv-matrix
      rows: 3
      cols: 3
      dt: d
      data: [ -9.3732542651461037e-01, 4.5889153114167379e-02,
          -3.4542036771978030e-01, 1.7378090410582393e-02,
          -9.8390085940399108e-01, -1.7786821199351341e-01,
          -3.4802161826944794e-01, -1.7272314405010206e-01,
          9.2143782683725495e-01 ]
   - !!opencv-matrix
      rows: 3
      cols: 3
      dt: d
      data: [ -9.5057552162563375e-01, 1.9082726509254324e-02,
          -3.0990648143452459e-01, 1.3182219769205385e-02,
          -9.9472930411210736e-01, -1.0168500687219809e-01,
          -3.1021348579343022e-01, -1.0074453379521692e-01,
          9.4531377443802889e-01 ]
   - !!opencv-matrix
      rows: 3
      cols: 3
      dt: d
      data: [ -9.4153447854992389e-01, 4.7457975063600319e-02,
          -3.3355744078731847e-01, 1.5542272329729930e-02,
          -9.8285750797394478e-01, -1.8371052444015132e-01,
          -3.3655796450619219e-01, -1.7815403341521521e-01,
          9.2465662648646973e-01 ]
   - !!opencv-matrix
      rows: 3
      cols: 3
      dt: d
      data: [ -9.3626965135503981e-01, 6.8334977139049582e-02,
          -3.4457143069459162e-01, 1.6673020357088963e-02,
          -9.7114641966889470e-01, -2.3790048750782167e-01,
          -3.5088623561445709e-01, -2.2848405297458441e-01,
          9.0811556929315085e-01 ]
   - !!opencv-matrix
      rows: 3
      cols: 3
      dt: d
      data: [ -9.2532826525214840e-01, 7.0471285364096636e-02,
          -3.7256059837908490e-01, 1.6340210736611335e-02,
          -9.7425227038020967e-01, -2.2486776374591796e-01,
          -3.7881472917315778e-01, -2.1416421642781250e-01,
          9.0035164761515751e-01 ]
   - !!opencv-matrix
      rows: 3
      cols: 3
      dt: d
      data: [ -9.2442217634295309e-01, 7.3017114643046249e-02,
          -3.7431556320110743e-01, 1.6003035520239281e-02,
          -9.7320917224083803e-01, -2.2936392462730654e-01,
          -3.8103483139930389e-01, -2.1801928363222145e-01,
          8.9848764556058136e-01 ]
   - !!opencv-matrix
      rows: 3
      cols: 3
      dt: d
      data: [ -9.2366256055237861e-01, 7.3442014543295686e-02,
          -3.7610336974513525e-01, 1.4590453604274425e-02,
          -9.7401145259108923e-01, -2.2602833646474044e-01,
          -3.8292896586370306e-01, -2.1426143078309437e-01,
          8.9858636000182834e-01 ]
   - !!opencv-matrix
      rows: 3
      cols: 3
      dt: d
      data: [ -9.2167249972047083e-01, 7.4915585358892256e-02,
          -3.8066712273238579e-01, 1.4961444755365212e-02,
          -9.7358660466455571e-01, -2.2782729948049288e-01,
          -3.8768022702976601e-01, -2.1567748674369461e-01,
          8.9620715422388442e-01 ]
   - !!opencv-matrix
      rows: 3
      cols: 3
      dt: d
      data: [ -9.1857976689056864e-01, 7.9476823917847550e-02,
          -3.8716229971318239e-01, 1.5926573783560369e-02,
          -9.7133437404011769e-01, -2.3718321621820035e-01,
          -3.9491461875547917e-01, -2.2403787239666470e-01,
          8.9098230937835721e-01 ]
   - !!opencv-matrix
      rows: 3
      cols: 3
      dt: d
      data: [ 9.2221829900799734e-01, -3.0219462686575195e-02,
          3.8548695574523761e-01, -5.2511981985223499e-03,
          9.9587061338022254e-01, 9.0631927725163097e-02,
          -3.8663397922618747e-01, -8.5606690630078919e-02,
          9.1825141471553973e-01 ]
   - !!opencv-matrix
      rows: 3
      cols: 3
      dt: d
      data: [ 9.8858305391223178e-01, -1.4264666855012639e-02,
          1.5000021599011434e-01, 6.5203288069974087e-04,
          9.9590433454791716e-01, 9.0410902449830743e-02,
          -1.5067554669118657e-01, -8.9280880977876925e-02,
          9.8454344948363059e-01 ]
   - !!opencv-matrix
      rows: 3
      cols: 3
      dt: d
      data: [ -9.1875793130596295e-01, -1.4339812951513145e-01,
          -3.6785981040873306e-01, -9.9508420443799914e-02,
          -8.1753355528828231e-01, 5.6721861767618387e-01,
          -3.8207582745204827e-01, 5.5774175245292745e-01,
          7.3684611666722544e-01 ]
   - !!opencv-matrix
      rows: 3
      cols: 3
      dt: d
      data: [ 9.9764611946791826e-01, 8.9294877362554141e-04,
          6.8566923170665456e-02, -1.1803032517677397e-02,
          9.8722783263600000e-01, 1.5887698037227646e-01,
          -6.7549305947514432e-02, -1.5931230056500265e-01,
          9.8491455576344056e-01 ]
   - !!opencv-matrix
      rows: 3
      cols: 3
      dt: d
      data: [ -7.2414885043039456e-01, -2.9260627422611063e-01,
          -6.2449180195087595e-01, -1.5106279374068485e-01,
          -8.1623658100091989e-01, 5.5761803789259556e-01,
          -6.7289558979651309e-01, 4.9813593739002904e-01,
          5.4687486056040213e-01 ]
   - !!opencv-matrix
      rows: 3
      cols: 3
      dt: d
      data: [ -8.2810855134985317e-01, 6.6065389210645309e-02,
          -5.5666111012867947e-01, 2.3154571365206659e-02,
          -9.8815212329100799e-01, -1.5172095129007795e-01,
          -5.6008936162557255e-01, -1.3853066658295776e-01,
          8.1676750756255012e-01 ]
   - !!opencv-matrix
      rows: 3
      cols: 3
      dt: d
      data: [ -8.1994596857326618e-01, 5.6038151728119420e-02,
          -5.6969143768477404e-01, 1.6091174608390307e-02,
          -9.9254736051134007e-01, -1.2079243039898731e-01,
          -5.7221471732223972e-01, -1.0821027073650709e-01,
          8.1293348718512082e-01 ]
   - !!opencv-matrix
      rows: 3
      cols: 3
      dt: d
      data: [ -8.3964468889734856e-01, 5.3846123611272806e-02,
          -5.4046035134736248e-01, 2.1902984523599164e-02,
          -9.9090723252228374e-01, -1.3275208399112873e-01,
          -5.4269425616587652e-01, -1.2330227697438620e-01,
          8.3083060416519261e-01 ]
   - !!opencv-matrix
      rows: 3
      cols: 3
      dt: d
      data: [ -8.2879528455551810e-01, 1.3160912765808458e-01,
          -5.4385422110673709e-01, 5.8511776647593668e-02,
          -9.4623304961350518e-01, -3.1814994548587927e-01,
          -5.5648427497286901e-01, -2.9550305131454035e-01,
          7.7653280572794581e-01 ]
   - !!opencv-matrix
      rows: 3
      cols: 3
      dt: d
      data: [ -7.9584507736043419e-01, -6.6754376902085577e-02,
          -6.0180932695130185e-01, -6.1071814683008457e-02,
          -9.7998626336322880e-01, 1.8946545086294919e-01,
          -6.0241252169297477e-01, 1.8753873408922928e-01,
          7.7584043264302738e-01 ]
   - !!opencv-matrix
      rows: 3
      cols: 3
      dt: d
      data: [ -8.7557373910840186e-01, 1.4224735936358042e-03,
          -4.8308239871952247e-01, -1.9498439509258905e-02,
          -9.9928483706318560e-01, 3.2397920802212168e-02,
          -4.8269083090570103e-01, 3.7786121585551086e-02,
          8.7497529723706235e-01 ]
   - !!opencv-matrix
      rows: 3
      cols: 3
      dt: d
      data: [ -8.7830885086532307e-01, -2.9222239339350364e-01,
          -3.7839084990391603e-01, -4.2356079383579626e-01,
          1.0852678318437659e-01, 8.9934319992805922e-01,
          -2.2174268063867542e-01, 9.5017262122786050e-01,
          -2.1909398314912898e-01 ]
   - !!opencv-matrix
      rows: 3
      cols: 3
      dt: d
      data: [ -8.2050425790765003e-01, 7.2564905117677519e-02,
          -5.6701595859435827e-01, 1.4904653954711626e-02,
          -9.8885727094979925e-01, -1.4811869895528251e-01,
          -5.7144607273644532e-01, -1.2998319981819872e-01,
          8.1028004647721397e-01 ]
   - !!opencv-matrix
      rows: 3
      cols: 3
      dt: d
      data: [ -6.6295700784976086e-01, -7.0922496464351809e-02,
          -7.4529055088479146e-01, -3.7358864956936313e-02,
          -9.9112850667612862e-01, 1.2754841615275553e-01,
          -7.4772476283190004e-01, 1.1240232537279252e-01,
          6.5442600521278760e-01 ]
   - !!opencv-matrix
      rows: 3
      cols: 3
      dt: d
      data: [ -7.3482078119768124e-01, -3.8603445708309930e-01,
          -5.5768792121094590e-01, -4.4639172355834872e-01,
          -3.4380229930271267e-01, 8.2615640657975553e-01,
          -5.1065922948541342e-01, 8.5602416843143181e-01,
          8.0310487500941719e-02 ]
   - !!opencv-matrix
      rows: 3
      cols: 3
      dt: d
      data: [ -5.7260380258447363e-01, -4.3812559703103227e-01,
          -6.9294360989333215e-01, -1.5109203473915658e-01,
          -7.7435251111402537e-01, 6.1445047446461021e-01,
          -8.0578910535212778e-01, 4.5653493815654972e-01,
          3.7719990447799989e-01 ]
   - !!opencv-matrix
      rows: 3
      cols: 3
      dt: d
      data: [ 9.9999752641574591e-01, 1.6783541063831826e-03,
          1.4595512608814979e-03, -1.6760523192709117e-03,
          9.9999735219758434e-01, -1.5768469943724874e-03,
          -1.4621939039062704e-03, 1.5743968096327107e-03,
          9.9999769162917229e-01 ]
   - !!opencv-matrix
      rows: 3
      cols: 3
      dt: d
      data: [ -5.5507203097637459e-01, -5.6046551602056605e-01,
          -6.1463277310892173e-01, -4.6979803855269586e-01,
          -3.9854053206234319e-01, 7.8768981666357996e-01,
          -6.8642905197828152e-01, 7.2597785755163713e-01,
          -4.2086897544636348e-02 ]
   - !!opencv-matrix
      rows: 3
      cols: 3
      dt: d
      data: [ -7.9984289640705941e-01, -5.1819793183479801e-01,
          -3.0285680528808329e-01, -4.4453334010280088e-01,
          1.7240799359393755e-01, 8.7901398924133234e-01,
          -4.0328829713272557e-01, 8.3770304236468640e-01,
          -3.6825556643279023e-01 ]
   - !!opencv-matrix
      rows: 3
      cols: 3
      dt: d
      data: [ -8.0312376726684653e-01, -5.1589832317826967e-01,
          -2.9806229985182275e-01, -4.5553975600053104e-01,
          2.0924485487877476e-01, 8.6527459306843013e-01,
          -3.8402570897543420e-01, 8.3070181825286171e-01,
          -4.0306171239315802e-01 ]
   - !!opencv-matrix
      rows: 3
      cols: 3
      dt: d
      data: [ -6.8314208808264354e-01, -4.0925642560339365e-01,
          -6.0483556905362279e-01, -4.8085975315870061e-01,
          -3.7125314372067042e-01, 7.9432046496969511e-01,
          -5.4962786072236114e-01, 8.3347482348290103e-01,
          5.6823704014324572e-02 ]
   - !!opencv-matrix
      rows: 3
      cols: 3
      dt: d
      data: [ -7.4541140073018053e-01, -1.7979244386742860e-01,
          -6.4190070944784583e-01, -9.6000395301564997e-02,
          -9.2394884761665552e-01, 3.7027348148334588e-01,
          -6.5965579491384252e-01, 3.3762879633708959e-01,
          6.7146185902145972e-01 ]
   - !!opencv-matrix
      rows: 3
      cols: 3
      dt: d
      data: [ -7.4941065837377163e-01, -1.4264619219120142e-01,
          -6.4655682578497387e-01, -9.1969668535370100e-02,
          -9.4462278306455638e-01, 3.1500694878822327e-01,
          -6.5568684994079640e-01, 2.9553318184042038e-01,
          6.9479125875761583e-01 ]
   - !!opencv-matrix
      rows: 3
      cols: 3
      dt: d
      data: [ -6.1236714973125639e-01, 2.2004434591584560e-01,
          -7.5933323367312489e-01, 1.5684448128526252e-01,
          -9.0757720599833891e-01, -3.8949123718333600e-01,
          -7.7485887916469909e-01, -3.5760886591738250e-01,
          5.2125772550333382e-01 ]
   - !!opencv-matrix
      rows: 3
      cols: 3
      dt: d
      data: [ -8.4628942723545764e-01, 3.1009792564795368e-02,
          -5.3182008058606556e-01, -3.1178383428550688e-02,
          -9.9947628580857484e-01, -8.6638624803388291e-03,
          -5.3181022344090301e-01, 9.2491551713823651e-03,
          8.4681304865498608e-01 ]
   - !!opencv-matrix
      rows: 3
      cols: 3
      dt: d
      data: [ 9.8800700985746681e-01, 1.4104954839998329e-01,
          -6.2826533953960886e-02, -1.0975977210479161e-01,
          9.2773272319797617e-01, 3.5674190493292429e-01,
          1.0860451602033701e-01, -3.4556767673471450e-01,
          9.3208800008162329e-01 ]
   - !!opencv-matrix
      rows: 3
      cols: 3
      dt: d
      data: [ 9.8799429345486178e-01, 1.4173773730534875e-01,
          -6.1462915031655095e-02, -1.1088537842334120e-01,
          9.2761462795956762e-01, 3.5670090390598314e-01,
          1.0757187807480595e-01, -3.4560311893701562e-01,
          9.3219460158727918e-01 ]
   - !!opencv-matrix
      rows: 3
      cols: 3
      dt: d
      data: [ 4.5273292519757957e-01, 1.6885633081574400e-01,
          -8.7551152932756238e-01, -1.2635252095828109e-03,
          -9.8178217541153068e-01, -1.9000569346271490e-01,
          -8.9164527809330529e-01, 8.7128064294155316e-02,
          -4.4427176195012208e-01 ]
   - !!opencv-matrix
      rows: 3
      cols: 3
      dt: d
      data: [ 9.7516979065041398e-01, 2.1943620680957790e-01,
          2.9860183252150157e-02, -2.1768429479098347e-01,
          9.2500997895555348e-01, 3.1140020333005336e-01,
          4.0711511936797826e-02, -3.1016816402343828e-01,
          9.4980960345858234e-01 ]
   - !!opencv-matrix
      rows: 3
      cols: 3
      dt: d
      data: [ 9.7680239862897689e-01, 2.1222923133954716e-01,
          2.8562692409893266e-02, -2.1039327877417988e-01,
          9.2627449580427212e-01, 3.1265032651380947e-01,
          3.9896644963297860e-02, -3.1140698737755773e-01,
          9.4943875312371051e-01 ]
   - !!opencv-matrix
      rows: 3
      cols: 3
      dt: d
      data: [ 9.7737490584556430e-01, 2.0969729894292305e-01,
          2.7664711085003551e-02, -2.0764797221652731e-01,
          9.2637319163571974e-01, 3.1418948017560122e-01,
          4.0256838645609805e-02, -3.1282543476305213e-01,
          9.4895712985759728e-01 ]
   - !!opencv-matrix
      rows: 3
      cols: 3
      dt: d
      data: [ 9.7747894791201506e-01, 2.0918322301087774e-01,
          2.7879842173179851e-02, -2.0722636350464166e-01,
          9.2645481412316855e-01, 3.1422716568853049e-01,
          3.9901637277963316e-02, -3.1292787763123064e-01,
          9.4893835560786099e-01 ]
   - !!opencv-matrix
      rows: 3
      cols: 3
      dt: d
      data: [ 9.7791950127949023e-01, 2.0714115183352186e-01,
          2.7676564713761207e-02, -2.0523564602270764e-01,
          9.2696578608459279e-01, 3.1402668840436909e-01,
          3.9392621376534723e-02, -3.1277304015156859e-01,
          9.4901066734543627e-01 ]
   - !!opencv-matrix
      rows: 3
      cols: 3
      dt: d
      data: [ 9.7693702656801085e-01, 2.1145809457074360e-01,
          2.9656708532204402e-02, -2.0994624474028339e-01,
          9.2591060356987387e-01, 3.1402568130063035e-01,
          3.8943811317161646e-02, -3.1300962994352510e-01,
          9.4895118479440810e-01 ]
   - !!opencv-matrix
      rows: 3
      cols: 3
      dt: d
      data: [ 9.7667193851009559e-01, 2.1262336689390046e-01,
          3.0053758128291728e-02, -2.1118818516251167e-01,
          9.2573905853004446e-01, 3.1369849530986194e-01,
          3.8877692507358855e-02, -3.1272751615840999e-01,
          9.4904690382651513e-01 ]
   - !!opencv-matrix
      rows: 3
      cols: 3
      dt: d
      data: [ 9.7755825870224455e-01, 2.0873892852959508e-01,
          2.8423767508058459e-02, -2.0694883173881240e-01,
          9.2629997557218535e-01, 3.1486590208676080e-01,
          3.9395835883710775e-02, -3.1368202844805360e-01,
          9.4871046855388830e-01 ]
   - !!opencv-matrix
      rows: 3
      cols: 3
      dt: d
      data: [ 9.7838512874978567e-01, 2.0502423947087101e-01,
          2.6974081460844589e-02, -2.0292810095053920e-01,
          9.2681038461547516e-01, 3.1597894995319376e-01,
          3.9783485089583383e-02, -3.1462290475791188e-01,
          9.4838267704330248e-01 ]
   - !!opencv-matrix
      rows: 3
      cols: 3
      dt: d
      data: [ 9.7862024084841581e-01, 2.0391219763268428e-01,
          2.6874520617076222e-02, -2.0182801595214742e-01,
          9.2692492618576161e-01, 3.1634732999085063e-01,
          3.9596416234405241e-02, -3.1500793144320910e-01,
          9.4826268878895692e-01 ]
   - !!opencv-matrix
      rows: 3
      cols: 3
      dt: d
      data: [ 9.7841000156286395e-01, 2.0487763157447345e-01,
          2.7185012823076966e-02, -2.0285021291981195e-01,
          9.2678409387399607e-01, 3.1610604938935133e-01,
          3.9568421249065497e-02, -3.1479580591645501e-01,
          9.4833429792308266e-01 ]
   - !!opencv-matrix
      rows: 3
      cols: 3
      dt: d
      data: [ 9.7864256716836184e-01, 2.0383821186908460e-01,
          2.6621591014297424e-02, -2.0167369070338134e-01,
          9.2692055590507139e-01, 3.1645853680807928e-01,
          3.9830242331615723e-02, -3.1506866937645156e-01,
          9.4823271688608013e-01 ]
   - !!opencv-matrix
      rows: 3
      cols: 3
      dt: d
      data: [ 9.7821044949058689e-01, 2.0581169409770103e-01,
          2.7310493954854843e-02, -2.0377575170816051e-01,
          9.2659173085293756e-01, 3.1607468631753999e-01,
          3.9746188788334746e-02, -3.1475277741044883e-01,
          9.4834114620700205e-01 ]
   - !!opencv-matrix
      rows: 3
      cols: 3
      dt: d
      data: [ 9.7837555133082255e-01, 2.0501315943577036e-01,
          2.7402281223876442e-02, -2.0303290979124233e-01,
          9.2662923293759891e-01, 3.1644257331651543e-01,
          3.9483136904383251e-02, -3.1516324202489160e-01,
          9.4821580496032087e-01 ]
   - !!opencv-matrix
      rows: 3
      cols: 3
      dt: d
      data: [ -5.7302386228875135e-01, -2.4081862378137059e-01,
          -7.8335818351998399e-01, 7.4228396699713795e-01,
          -5.5764352284482177e-01, -3.7154840030365960e-01,
          -3.4735884267810724e-01, -7.9438031941209575e-01,
          4.9829884862807250e-01 ]
   - !!opencv-matrix
      rows: 3
      cols: 3
      dt: d
      data: [ 9.7755643165638295e-01, 2.0854841144540870e-01,
          2.9849338532636667e-02, -2.0717015122815780e-01,
          9.2586927173871825e-01, 3.1598515802188853e-01,
          3.8261617416696488e-02, -3.1507721551012247e-01,
          9.4829446739873280e-01 ]
   - !!opencv-matrix
      rows: 3
      cols: 3
      dt: d
      data: [ 9.7679197086383263e-01, 2.1173793242935304e-01,
          3.2318626618286127e-02, -2.1102195041735142e-01,
          9.2546920521565934e-01, 3.1460528704958629e-01,
          3.6703979321135623e-02, -3.1412385800514803e-01,
          9.4867224041496812e-01 ]
   - !!opencv-matrix
      rows: 3
      cols: 3
      dt: d
      data: [ 9.7676392670287193e-01, 2.1205140081351004e-01,
          3.1087536168291390e-02, -2.1094750242774951e-01,
          9.2561034461317659e-01, 3.1423978291198434e-01,
          3.7860041091912836e-02, -3.1349592239470120e-01,
          9.4883450818908044e-01 ]
   - !!opencv-matrix
      rows: 3
      cols: 3
      dt: d
      data: [ 9.7718436413760434e-01, 2.1011322970230950e-01,
          3.1034644980252435e-02, -2.0903561087325156e-01,
          9.2553865019824366e-01, 3.1572507087030593e-01,
          3.7614250914146025e-02, -3.1500894859238154e-01,
          9.4834304470212150e-01 ]
   - !!opencv-matrix
      rows: 3
      cols: 3
      dt: d
      data: [ 9.7797988208223019e-01, 2.0659394411761914e-01,
          2.9568437502737303e-02, -2.0518210430304559e-01,
          9.2589854272844152e-01, 3.1719425065269130e-01,
          3.8153038099230728e-02, -3.1627651007824514e-01,
          9.4789952782798892e-01 ]
   - !!opencv-matrix
      rows: 3
      cols: 3
      dt: d
      data: [ 9.7757376526910145e-01, 2.0836654160927354e-01,
          3.0543703039785357e-02, -2.0718496268150416e-01,
          9.2559485318817225e-01, 3.1677840676130309e-01,
          3.7734926742415201e-02, -3.1600245582804687e-01,
          9.4800765989225411e-01 ]
   - !!opencv-matrix
      rows: 3
      cols: 3
      dt: d
      data: [ 9.7785854615901513e-01, 2.0716719519921095e-01,
          2.9570541710786571e-02, -2.0574174975227821e-01,
          9.2591215874443245e-01, 3.1679174026179413e-01,
          3.8249132181636121e-02, -3.1586140556028230e-01,
          9.4803405865234325e-01 ]
   - !!opencv-matrix
      rows: 3
      cols: 3
      dt: d
      data: [ 9.7800864016108402e-01, 2.0653654193464757e-01,
          2.9013042169767276e-02, -2.0497433600262580e-01,
          9.2612946172504107e-01, 3.1665397787674843e-01,
          3.8530784452821557e-02, -3.1563725535900100e-01,
          9.4809730601815700e-01 ]
   - !!opencv-matrix
      rows: 3
      cols: 3
      dt: d
      data: [ 9.8698921075024415e-01, 1.3893303964738210e-01,
          8.0931504106553379e-02, -1.5832473717961745e-01,
          9.2752693177501533e-01, 3.3856619504763197e-01,
          -2.8028119088072553e-02, -3.4697464075399664e-01,
          9.3745561132995503e-01 ]
   - !!opencv-matrix
      rows: 3
      cols: 3
      dt: d
      data: [ 9.7975343307924134e-01, 1.9818007627713577e-01,
          2.8423014200275119e-02, -1.9683245714829326e-01,
          9.2751950038743913e-01, 3.1774920961978881e-01,
          3.6608662668905105e-02, -3.1691045070780455e-01,
          9.4774868612400109e-01 ]
   - !!opencv-matrix
      rows: 3
      cols: 3
      dt: d
      data: [ 9.8488775614194091e-01, 8.3696195201669182e-02,
          -1.5162801426668124e-01, -2.6867113713783496e-02,
          9.3871604298453237e-01, 3.4364276341013261e-01,
          1.7109724136403667e-01, -3.3437574306792323e-01,
          9.2677861242337201e-01 ]
   - !!opencv-matrix
      rows: 3
      cols: 3
      dt: d
      data: [ 9.7879582194338266e-01, 2.0314248767956283e-01,
          2.6303396083712113e-02, -2.0089447153336204e-01,
          9.2692658635628666e-01, 3.1693613680552846e-01,
          4.0001878124772697e-02, -3.1549997338389768e-01,
          9.4808207268213374e-01 ]
   - !!opencv-matrix
      rows: 3
      cols: 3
      dt: d
      data: [ 9.6852519932304315e-01, 2.4007131459357789e-01,
          6.5762467909673231e-02, -2.4871267257101226e-01,
          9.2268741251552056e-01, 2.9460133280078371e-01,
          1.0047127890292971e-02, -3.0168477372039348e-01,
          9.5335478837966248e-01 ]
   - !!opencv-matrix
      rows: 3
      cols: 3
      dt: d
      data: [ -7.7835516001090743e-01, -6.2171576070743706e-01,
          -8.7365655565372860e-02, 6.2706097746961142e-01,
          -7.7670463936824397e-01, -5.9366941294810016e-02,
          -3.0947946931096575e-02, -1.0099215846697612e-01,
          9.9440575647415197e-01 ]
   - !!opencv-matrix
      rows: 3
      cols: 3
      dt: d
      data: [ -1.2726684843709790e-01, 1.1334436716021676e-02,
          -9.9180375066502946e-01, 2.3893496296603844e-01,
          -9.7013777490379349e-01, -4.1746630727932707e-02,
          -9.6265945835550126e-01, -2.4228955456033807e-01,
          1.2075818394480120e-01 ]
   - !!opencv-matrix
      rows: 3
      cols: 3
      dt: d
      data: [ -3.0662900325862819e-01, 3.1362733068902138e-02,
          -9.5131226909730793e-01, 3.2551722933870636e-01,
          -9.3573760012566276e-01, -1.3577067840560192e-01,
          -8.9443679920063213e-01, -3.5129976186373102e-01,
          2.7671517766507403e-01 ]
   - !!opencv-matrix
      rows: 3
      cols: 3
      dt: d
      data: [ -5.4143093636952855e-01, -6.3412711828495116e-01,
          5.5202838604336180e-01, -4.7775046477272254e-01,
          7.7233942816054746e-01, 4.1862429590037520e-01,
          -6.9181430640849195e-01, -3.7075673483577404e-02,
          -7.2112298526969465e-01 ]
   - !!opencv-matrix
      rows: 3
      cols: 3
      dt: d
      data: [ 6.2979662948111093e-01, -4.2467627648504730e-01,
          6.5038931855084137e-01, -2.1970864243648630e-01,
          -9.0051139606907271e-01, -3.7524303856093838e-01,
          7.4503980962962535e-01, 9.3430646687932772e-02,
          -6.6044409023514339e-01 ]
   - !!opencv-matrix
      rows: 3
      cols: 3
      dt: d
      data: [ -1.7796724316390294e-01, -5.4882276315931322e-01,
          8.1677489860965780e-01, -5.4997541706451591e-01,
          7.4376180328925945e-01, 3.7992817820296071e-01,
          -8.1599920403475401e-01, -3.8159134503560926e-01,
          -4.3420426576504589e-01 ]
   - !!opencv-matrix
      rows: 3
      cols: 3
      dt: d
      data: [ -1.0130270991995745e-01, -4.9130406017996270e-01,
          8.6507692225232591e-01, -2.0467170675991470e-01,
          8.6124167556266895e-01, 4.6515832651473682e-01,
          -9.7357447245439654e-01, -1.2993497113822222e-01,
          -1.8780215616561188e-01 ]
   - !!opencv-matrix
      rows: 3
      cols: 3
      dt: d
      data: [ -2.8126041891506948e-01, -5.5590864247305694e-01,
          7.8221362681525974e-01, -4.0058516315705339e-01,
          8.0871734738005774e-01, 4.3070614008277075e-01,
          -8.7202299500079494e-01, -1.9220258393248868e-01,
          -4.5014893415348456e-01 ]
   - !!opencv-matrix
      rows: 3
      cols: 3
      dt: d
      data: [ 8.5053657516386749e-01, 3.4351331441416097e-02,
          -5.2479283563775914e-01, 1.6094692412522715e-01,
          -9.6698981754088709e-01, 1.9755196882559867e-01,
          -5.0068315522208895e-01, -2.5248896768065709e-01,
          -8.2798894876466167e-01 ]
   - !!opencv-matrix
      rows: 3
      cols: 3
      dt: d
      data: [ 3.4714782434060759e-02, -5.8833342313676318e-01,
          8.0787292757013118e-01, -2.2850871834516037e-01,
          7.8227363768758096e-01, 5.7950989760252747e-01,
          -9.7292273563773202e-01, -2.0472356727845975e-01,
          -1.0728285734437699e-01 ]
   - !!opencv-matrix
      rows: 3
      cols: 3
      dt: d
      data: [ 1.0650719928856617e-01, -5.6341833083864934e-01,
          8.1927773128207004e-01, -4.1349725782392077e-01,
          7.2423800123756044e-01, 5.5181458419973040e-01,
          -9.0425451852440508e-01, -3.9754132117103702e-01,
          -1.5583537367935041e-01 ]
   - !!opencv-matrix
      rows: 3
      cols: 3
      dt: d
      data: [ 8.1146930786560800e-01, 2.4536428343106620e-01,
          -5.3039035700931669e-01, -1.9620192259633007e-01,
          9.6929527071761579e-01, 1.4822781025828979e-01,
          5.5047467513193982e-01, -1.6218710824947247e-02,
          8.3469430659227695e-01 ]
   - !!opencv-matrix
      rows: 3
      cols: 3
      dt: d
      data: [ 1.7887112630125970e-01, -5.6837682944863754e-01,
          8.0308959644714173e-01, -4.0763698125792708e-01,
          7.0008575322430122e-01, 5.8626958785467209e-01,
          -8.9545363458229532e-01, -4.3223572027110041e-01,
          -1.0646628778669784e-01 ]
   - !!opencv-matrix
      rows: 3
      cols: 3
      dt: d
      data: [ -3.2235512975369784e-01, -4.2960837345614555e-01,
          8.4351871098265618e-01, -4.1784915830930369e-01,
          8.6415215568278192e-01, 2.8043382950173423e-01,
          -8.4940523380874178e-01, -2.6206429990589375e-01,
          -4.5807537752334027e-01 ]
   - !!opencv-matrix
      rows: 3
      cols: 3
      dt: d
      data: [ 8.4184021047380009e-01, -2.3917506645337348e-02,
          -5.3919663658566963e-01, 1.8862224506173409e-02,
          -9.9710365138625823e-01, 7.3678523864623632e-02,
          -5.3939714173891129e-01, -7.2195992049846128e-02,
          -8.3895081036722963e-01 ]
   - !!opencv-matrix
      rows: 3
      cols: 3
      dt: d
      data: [ -1.3533979199412627e-01, 2.1410320246403985e-01,
          -9.6738976601865523e-01, 2.5894414893092765e-01,
          -9.3479539748834839e-01, -2.4311621206541981e-01,
          -9.5636346042570231e-01, -2.8340321721752376e-01,
          7.1074243107702495e-02 ]
   - !!opencv-matrix
      rows: 3
      cols: 3
      dt: d
      data: [ -5.1123573495471600e-02, -8.2223575632495227e-01,
          -5.6684631184633016e-01, 2.3711265484273092e-01,
          5.4136579039104460e-01, -8.0666019482041595e-01,
          9.7013605702833516e-01, -1.7564578564546679e-01,
          1.6728594931583954e-01 ]
   - !!opencv-matrix
      rows: 3
      cols: 3
      dt: d
      data: [ -8.4704018415493032e-01, -5.2686350292518913e-01,
          7.0269308465225305e-02, -4.7321547651959189e-01,
          8.0769721411212603e-01, 3.5169919405344996e-01,
          -2.4205379403991459e-01, 2.6465082580810106e-01,
          -9.3347196058048409e-01 ]
   - !!opencv-matrix
      rows: 3
      cols: 3
      dt: d
      data: [ -6.1118538046166293e-01, -5.3992820595350266e-01,
          5.7873133933265108e-01, -3.7451139931958255e-01,
          8.4144098122400024e-01, 3.8951031680364873e-01,
          -6.9727587258532064e-01, 2.1321527445813448e-02,
          -7.1648569418918406e-01 ]
   - !!opencv-matrix
      rows: 3
      cols: 3
      dt: d
      data: [ -8.5667672053174548e-01, -4.5015684816282109e-01,
          2.5192024244011907e-01, -4.4535376118380021e-01,
          8.9184681395033649e-01, 7.9178834583975566e-02,
          -2.6031716020734436e-01, -4.4362963142116116e-02,
          -9.6450344924361731e-01 ]
   - !!opencv-matrix
      rows: 3
      cols: 3
      dt: d
      data: [ 1.2926961969846731e-02, -6.7880347905077976e-01,
          -7.3420619071401749e-01, 1.5650307826106719e-01,
          7.2659151198759575e-01, -6.6900789322876475e-01,
          9.8759287165766885e-01, -1.0625728933178047e-01,
          1.1562745484884594e-01 ]
   - !!opencv-matrix
      rows: 3
      cols: 3
      dt: d
      data: [ -4.5640056190783998e-02, -2.8556856945533693e-01,
          -9.5727090074342813e-01, -3.7721192493319666e-01,
          8.9225212782948582e-01, -2.4818804175855735e-01,
          9.2500170213848487e-01, 3.4976668298022240e-01,
          -1.4844230703515124e-01 ]
   - !!opencv-matrix
      rows: 3
      cols: 3
      dt: d
      data: [ -8.2152666060582158e-01, 5.2220588640810717e-01,
          -2.2889944979088606e-01, 5.5733981948778211e-01,
          6.5079984986635475e-01, -5.1558886821503147e-01,
          -1.2027581438998340e-01, -5.5114477917753490e-01,
          -8.2569556184962789e-01 ]
   - !!opencv-matrix
      rows: 3
      cols: 3
      dt: d
      data: [ 9.5738429752402432e-01, -2.3447083237937272e-01,
          -1.6863788310387029e-01, 5.0575994779589725e-02,
          7.1097433947548350e-01, -7.0139686152666425e-01,
          2.8435431350075463e-01, 6.6297731286275841e-01,
          6.9253426415072816e-01 ]
   - !!opencv-matrix
      rows: 3
      cols: 3
      dt: d
      data: [ 9.9553713502621344e-01, 9.2076559308993916e-02,
          2.0681392835498098e-02, -6.3244619877898867e-02,
          8.1361821993327388e-01, -5.7794940111493420e-01,
          -7.0042350333915468e-02, 5.7406210414765080e-01,
          8.1581049867066124e-01 ]
   - !!opencv-matrix
      rows: 3
      cols: 3
      dt: d
      data: [ -1.7992470490277795e-01, -5.3033094572524009e-01,
          -8.2847823663136788e-01, -3.0811240559107217e-01,
          8.3022527058639262e-01, -4.6453497780106279e-01,
          9.3418084228190579e-01, 1.7168310367046555e-01,
          -3.1277958025987768e-01 ]
   - !!opencv-matrix
      rows: 3
      cols: 3
      dt: d
      data: [ -9.3169859964087262e-02, -4.1379583450346336e-01,
          -9.0558952320676434e-01, -1.6047732306706464e-01,
          9.0389489491746589e-01, -3.9651109407351071e-01,
          9.8263238597936575e-01, 1.0838369937276490e-01,
          -1.5062060859913157e-01 ]
   - !!opencv-matrix
      rows: 3
      cols: 3
      dt: d
      data: [ 5.9149399657635993e-01, -3.5198309436190306e-01,
          -7.2542591165297143e-01, 1.3349582275458127e-02,
          9.0383846789870326e-01, -4.2766553824173792e-01,
          8.0619888406471751e-01, 2.4327746552022508e-01,
          5.3931385491461259e-01 ]
   - !!opencv-matrix
      rows: 3
      cols: 3
      dt: d
      data: [ 2.2497525700304177e-01, -3.6351081040713418e-01,
          -9.0401660629302805e-01, 9.5607196857357496e-02,
          9.3155970267283517e-01, -3.5079307898699674e-01,
          9.6966251739741571e-01, -7.5107305401898861e-03,
          2.4433213313287072e-01 ]
   - !!opencv-matrix
      rows: 3
      cols: 3
      dt: d
      data: [ 9.7270031063500006e-01, 2.2901276615501950e-01,
          3.7513445970758091e-02, -1.2251192280466247e-01,
          6.4404415527879799e-01, -7.5511453093019210e-01,
          -1.9709118311400706e-01, 7.2990429440389382e-01,
          6.5451874423080891e-01 ]
   - !!opencv-matrix
      rows: 3
      cols: 3
      dt: d
      data: [ 9.3385872272361181e-01, 3.4652805965907668e-01,
          -8.8465755306444460e-02, -3.4448920745794026e-01,
          8.0509542972401071e-01, -4.8285456918466735e-01,
          -9.6099281672781117e-02, 4.8139344917273846e-01,
          8.7122056630657518e-01 ]
   - !!opencv-matrix
      rows: 3
      cols: 3
      dt: d
      data: [ 7.6146095398705205e-02, -9.9634977024013993e-01,
          3.8586364145279606e-02, -6.2809169380256791e-01,
          -1.7874330243975556e-02, 7.7793401551452357e-01,
          -7.7440467220423781e-01, -8.3472412572957955e-02,
          -6.2716007526587436e-01 ]
   - !!opencv-matrix
      rows: 3
      cols: 3
      dt: d
      data: [ 7.5800894437279775e-02, -9.9629665221980457e-01,
          4.0585775563836690e-02, -6.2813315329666197e-01,
          -1.6099406811316164e-02, 7.7793929765111869e-01,
          -7.7440491096848063e-01, -8.4461765763767405e-02,
          -6.2702730721394107e-01 ]
   - !!opencv-matrix
      rows: 3
      cols: 3
      dt: d
      data: [ 7.7097607313150207e-01, -3.2291794443270960e-01,
          5.4892612965870136e-01, 3.2196665056895613e-01,
          -5.4603366571630441e-01, -7.7342401813353501e-01,
          5.4948464089557181e-01, 7.7302731974217354e-01,
          -3.1701008241394413e-01 ]
   - !!opencv-matrix
      rows: 3
      cols: 3
      dt: d
      data: [ -7.2252816194933900e-01, 4.2825496308859051e-01,
          5.4272529126630897e-01, -5.7034884029184807e-01,
          -8.1290363178368774e-01, -1.1785535970262315e-01,
          3.9071121761200284e-01, -3.9469655689260918e-01,
          8.3160048846141588e-01 ]
   - !!opencv-matrix
      rows: 3
      cols: 3
      dt: d
